{
  "cells": [
    {
      "cell_type": "markdown",
      "metadata": {
        "id": "CAvaUACMq4Mb"
      },
      "source": [
        "# Lab 5: PCA Using Eigenvectors and Singular Value Decomposition"
      ]
    },
    {
      "cell_type": "markdown",
      "metadata": {
        "id": "9P-_VeZgq4Mw"
      },
      "source": [
        "# First: you should run this cell"
      ]
    },
    {
      "cell_type": "code",
      "execution_count": 176,
      "metadata": {
        "id": "fwCzAO6Mq4Mz"
      },
      "outputs": [],
      "source": [
        "# Make all numpy available via shorter 'np' prefix\n",
        "import numpy as np"
      ]
    },
    {
      "cell_type": "markdown",
      "metadata": {
        "id": "MIi1k8YnuA4V"
      },
      "source": [
        "# Overview\n",
        "This lab demonstrates two fundamental techniques for dimensionality reduction and data analysis:\n",
        "\n",
        " 1. `PCA` - using eigenvalues and eigenvectors to find principal components\n",
        " 2. `SVD` - decomposing any matrix into U, Σ, and V matrices"
      ]
    },
    {
      "cell_type": "markdown",
      "metadata": {
        "id": "8SPx1_U1q4M-"
      },
      "source": [
        "# Question 1 : PCA Using Eigenvectors\n",
        "\n",
        "#### Create a matrix contains the following data\n",
        "\n",
        "| | Feature #1 | Feature #2 | Feature #3 | Feature #4 |\n",
        "| --- | --- | --- | --- | --- |\n",
        "| **Sample #1** | 1 | 2 | 3 | 4 |\n",
        "| **Sample #2** | 5 | 5 | 6 | 7 |\n",
        "| **Sample #3**| 1 | 4 | 2 | 3 |\n",
        "| **Sample #4**| 5 | 3 | 2 | 1 |\n",
        "| **Sample #5**| 8 | 1 | 2 | 2 |"
      ]
    },
    {
      "cell_type": "code",
      "execution_count": 177,
      "metadata": {
        "id": "07HO-M9Xq4NB",
        "outputId": "56d3511e-ea53-4722-dd1e-094629106bcf"
      },
      "outputs": [
        {
          "name": "stdout",
          "output_type": "stream",
          "text": [
            "M = \n",
            "[[1 2 3 4]\n",
            " [5 5 6 7]\n",
            " [1 4 2 3]\n",
            " [5 3 2 1]\n",
            " [8 1 2 2]]\n",
            "\n"
          ]
        }
      ],
      "source": [
        "M = np.array([[1,2,3,4],\n",
        "              [5,5,6,7],\n",
        "              [1,4,2,3],\n",
        "              [5,3,2,1],\n",
        "              [8,1,2,2]])\n",
        "print('M = \\n{}\\n'.format(M))"
      ]
    },
    {
      "cell_type": "markdown",
      "metadata": {
        "id": "beDw6c6Vq4ND"
      },
      "source": [
        "### Step 1: Standardize the dataset.\n",
        "- Calculate data mean for each feature.\n",
        "- Calculate data standard deviation for each feature.\n",
        "\n",
        "| | Feature #1 | Feature #2 | Feature #3 | Feature #4 |\n",
        "| --- | --- | --- | --- | --- |\n",
        "| **$\\mu$** | 4 | 3 | 3 | 3.4 |\n",
        "| **$\\sigma$**| 3 | 1.58114 | 1.73205 | 2.30217 |\n",
        "\n",
        "\n",
        "- Standardize the data.\n",
        "\n",
        "| | Feature #1 | Feature #2 | Feature #3 | Feature #4 |\n",
        "| --- | --- | --- | --- | --- |\n",
        "| **Sample #1** | -1.         | -0.63245553 |  0.         |  0.26062335 |\n",
        "| **Sample #2** |  0.33333333 | 1.26491106 |  1.73205081 |  1.56374007 |\n",
        "| **Sample #3** | -1.         | 0.63245553 | -0.57735027 | -0.1737489  |\n",
        "| **Sample #4** |  0.33333333 | 0.         | -0.57735027 | -1.04249338 |\n",
        "| **Sample #5** |  1.33333333 | -1.26491106 | -0.57735027 | -0.60812114 |\n",
        "\n",
        "\n"
      ]
    },
    {
      "cell_type": "markdown",
      "metadata": {
        "id": "VXzfSZyeuTZj"
      },
      "source": [
        "- Features with larger scales can dominate the analysis\n",
        "- Standardization puts all features on the same scale"
      ]
    },
    {
      "cell_type": "markdown",
      "metadata": {
        "id": "0UjvWKdUtb8R"
      },
      "source": [
        "` standardized_value = (value - mean) / standard_deviation`"
      ]
    },
    {
      "cell_type": "code",
      "execution_count": 178,
      "metadata": {},
      "outputs": [
        {
          "name": "stdout",
          "output_type": "stream",
          "text": [
            "M = \n",
            " [[1 2 3 4]\n",
            " [5 5 6 7]\n",
            " [1 4 2 3]\n",
            " [5 3 2 1]\n",
            " [8 1 2 2]]\n",
            "Data Mean = \n",
            " [4.  3.  3.  3.4]\n",
            "Standard Deviation = \n",
            " [3.         1.58113883 1.73205081 2.30217289]\n",
            "X = \n",
            " [[-1.         -0.63245553  0.          0.26062335]\n",
            " [ 0.33333333  1.26491106  1.73205081  1.56374007]\n",
            " [-1.          0.63245553 -0.57735027 -0.1737489 ]\n",
            " [ 0.33333333  0.         -0.57735027 -1.04249338]\n",
            " [ 1.33333333 -1.26491106 -0.57735027 -0.60812114]]\n"
          ]
        }
      ],
      "source": [
        "mean = np.mean(M, axis = 0)\n",
        "std = np.std(M, axis = 0, ddof=1)\n",
        "X = (M - mean) / std\n",
        "\n",
        "print(\"M = \\n\", M)\n",
        "print(\"Data Mean = \\n\", mean)\n",
        "print(\"Standard Deviation = \\n\", std)\n",
        "\n",
        "print(\"X = \\n\", X)"
      ]
    },
    {
      "cell_type": "code",
      "execution_count": 179,
      "metadata": {
        "id": "oqnwP4A1q4NF",
        "outputId": "f113dbe9-2b7d-4cc0-b9e9-98706442282c"
      },
      "outputs": [],
      "source": [
        "#type your code here:\n"
      ]
    },
    {
      "cell_type": "markdown",
      "metadata": {
        "id": "7wPRznevq4NI"
      },
      "source": [
        "### Step 2: Calculate the covariance matrix for the features in the dataset."
      ]
    },
    {
      "cell_type": "markdown",
      "metadata": {
        "id": "GH4bTKZrq4NJ"
      },
      "source": [
        "-  Calculate covariance matrix using the formula: $C = \\frac{X^TX}{n-1}$,  where $n$ is the number of data points.\n",
        "##### Note: This formula is used because the data has <b>zero</b> mean and <b>1</b> standard deviation.\n",
        "\n",
        "| | Feature #1 | Feature #2 | Feature #3 | Feature #4 |\n",
        "| --- | --- | --- | --- | --- |\n",
        "|**Feature #1** |  1.         | -0.31622777 |  0.04811252 | -0.18098843 |\n",
        "|**Feature #2** | -0.31622777 |  1.         |  0.63900965 |  0.61812254 |\n",
        "|**Feature #3** |  0.04811252 |  0.63900965 |  1.         |  0.94044349 |\n",
        "|**Feature #4** | -0.18098843 |  0.61812254 |  0.94044349 |  1.         |"
      ]
    },
    {
      "cell_type": "markdown",
      "metadata": {
        "id": "RVV7KYslutl1"
      },
      "source": [
        "- The covariance matrix shows how features relate to each other"
      ]
    },
    {
      "cell_type": "markdown",
      "metadata": {
        "id": "j5QfXjdgvAi7"
      },
      "source": [
        "- Positive values: Features increase together\n",
        "- Negative values: When one increases, the other decreases\n",
        "- Values near 0: Features are independent"
      ]
    },
    {
      "cell_type": "code",
      "execution_count": 180,
      "metadata": {},
      "outputs": [
        {
          "name": "stdout",
          "output_type": "stream",
          "text": [
            "[[ 1.         -0.31622777  0.04811252 -0.18098843]\n",
            " [-0.31622777  1.          0.63900965  0.61812254]\n",
            " [ 0.04811252  0.63900965  1.          0.94044349]\n",
            " [-0.18098843  0.61812254  0.94044349  1.        ]]\n"
          ]
        }
      ],
      "source": [
        "cov_matrix = (X.T @ X) / (X.shape[0] - 1)\n",
        "print(cov_matrix)"
      ]
    },
    {
      "cell_type": "code",
      "execution_count": 181,
      "metadata": {
        "id": "YDJDib_eq4NL",
        "outputId": "3aff63b1-0044-40cd-ab31-5dce3a533d74"
      },
      "outputs": [],
      "source": [
        "#type your code here:\n"
      ]
    },
    {
      "cell_type": "markdown",
      "metadata": {
        "id": "HAUiSA4pq4NM"
      },
      "source": [
        "### Step 3: Calculate the eigenvalues and eigenvectors for the covariance matrix and sort eigenvalues and their corresponding eigenvectors.\n",
        "\n",
        "- Find eigen values and the corresponding eigen vectors for the covariance matrix\n",
        "` C⋅v=λ⋅v `\n",
        "- Calculate how much variance captured in each component. $\\frac{\\lambda_j}{\\sum_{k=1}^{m}\\lambda_k}$, where $m$ is the number of features.\n",
        "\n",
        "| Eigenvector #1 | Eigenvector #2 | Eigenvector #3 | Eigenvector #4 |\n",
        "| --- | --- | --- | --- |\n",
        "| 0.16195986 | -0.91705888 | -0.30707099 |  0.19616173 |\n",
        "|-0.52404813 |  0.20692161 | -0.81731886 |  0.12061043 |\n",
        "|-0.58589647 | -0.3205394  |  0.1882497  | -0.72009851 |\n",
        "|-0.59654663 | -0.11593512 |  0.44973251 |  0.65454704 |"
      ]
    },
    {
      "cell_type": "code",
      "execution_count": 182,
      "metadata": {},
      "outputs": [
        {
          "name": "stdout",
          "output_type": "stream",
          "text": [
            "EigenValues = \n",
            " [2.51579324 1.0652885  0.39388704 0.02503121]\n",
            "Percentage of variance = \n",
            " [0.62894831 0.26632213 0.09847176 0.0062578 ]\n",
            "Eigenvectors = \n",
            " [[ 0.16195986 -0.91705888 -0.30707099  0.19616173]\n",
            " [-0.52404813  0.20692161 -0.81731886  0.12061043]\n",
            " [-0.58589647 -0.3205394   0.1882497  -0.72009851]\n",
            " [-0.59654663 -0.11593512  0.44973251  0.65454704]]\n"
          ]
        }
      ],
      "source": [
        "eig_value, eig_vec = np.linalg.eig(cov_matrix)\n",
        "print(\"EigenValues = \\n\", eig_value)\n",
        "print(\"Percentage of variance = \\n\", eig_value / np.sum(eig_value))\n",
        "print(\"Eigenvectors = \\n\", eig_vec)"
      ]
    },
    {
      "cell_type": "code",
      "execution_count": 183,
      "metadata": {
        "id": "nEJUcM9Qq4NN",
        "outputId": "884e0718-c197-460c-8f24-cf0a18233f74"
      },
      "outputs": [],
      "source": [
        "#type your code here:\n"
      ]
    },
    {
      "cell_type": "markdown",
      "metadata": {
        "id": "JszwsQgrq4NP"
      },
      "source": [
        "### Step 4: Pick $k$ eigenvalues and form a matrix of eigenvectors.\n",
        "\n",
        "- Select the first two eigen vectors\n",
        "- Reduces from 4D → 2D"
      ]
    },
    {
      "cell_type": "code",
      "execution_count": 184,
      "metadata": {},
      "outputs": [
        {
          "name": "stdout",
          "output_type": "stream",
          "text": [
            "PCA Component = \n",
            " [[ 0.16195986 -0.91705888]\n",
            " [-0.52404813  0.20692161]\n",
            " [-0.58589647 -0.3205394 ]\n",
            " [-0.59654663 -0.11593512]]\n"
          ]
        }
      ],
      "source": [
        "pca_component = eig_vec[:, [0, 1]]\n",
        "print(\"PCA Component = \\n\", pca_component)"
      ]
    },
    {
      "cell_type": "code",
      "execution_count": 185,
      "metadata": {
        "id": "_37AARugq4NP",
        "outputId": "b2276e10-06f2-4d23-ab3b-adbf10b426ee"
      },
      "outputs": [],
      "source": [
        "#type your code here:\n"
      ]
    },
    {
      "cell_type": "markdown",
      "metadata": {
        "id": "sdU1NMK6q4NQ"
      },
      "source": [
        "### Step 5:Transform the standardized matrix matrix.\n",
        "\n",
        "- `M_transformed = X @ eig_vecs_2`"
      ]
    },
    {
      "cell_type": "code",
      "execution_count": 186,
      "metadata": {},
      "outputs": [
        {
          "name": "stdout",
          "output_type": "stream",
          "text": [
            "M_Transformed = \n",
            " [[ 1.40033078e-02  7.55974765e-01]\n",
            " [-2.55653399e+00 -7.80431775e-01]\n",
            " [-5.14801919e-02  1.25313470e+00]\n",
            " [ 1.01415002e+00  2.38808310e-04]\n",
            " [ 1.57986086e+00 -1.22891650e+00]]\n"
          ]
        }
      ],
      "source": [
        "M_transformed = X @ pca_component\n",
        "print(\"M_Transformed = \\n\", M_transformed)"
      ]
    },
    {
      "cell_type": "code",
      "execution_count": 187,
      "metadata": {
        "id": "AjtWxu0uq4NQ",
        "outputId": "3a96545d-e6b2-4cb5-edf9-d6ca247ded6c"
      },
      "outputs": [],
      "source": [
        "#type your code here:\n"
      ]
    },
    {
      "cell_type": "markdown",
      "metadata": {
        "id": "av7HgaMxq4NR"
      },
      "source": [
        "# Question 2 : Singular Value Decomposition (SVD)\n",
        "\n",
        "#### For a square (real) matrices of size $(n,n)$ can be \"eigendecomposed\"  :\n",
        "$$A = V . Diag(\\Lambda). V^T$$\n",
        "\n",
        "With $V$: eigenvectors\n",
        "; $Diag(\\Lambda)$: eigenvalues (on the diagonal).\n",
        "\n",
        "#### But for a non square  of size $(n,m) (n \\neq m)$, we need to use the  Singular Value Decomposition (SVD)\n",
        "\n",
        "- Let $A $ be a matrix of size $(n,m)$ with  $n \\neq m$ the SVD of A is defined by:\n",
        "\n",
        "$$A= U . S . V^T $$\n",
        "\n",
        "Where:\n",
        " $U$: size $(n,n)$, square;\n",
        " $V$: size $(m,m)$, square;\n",
        " $S$: size $(n,m)$, rectanguler if $n \\neq m$\n",
        "\n",
        "- The values on the \"diagonal\" of $S$ are called: **singular values**. The singular values are generally sorted by decreasing order.\n",
        "- The columns of $U$ are called the **left-singular vectors**\n",
        "- The columns of $V$ are called the **right-singular vectors**"
      ]
    },
    {
      "cell_type": "markdown",
      "metadata": {
        "id": "fxm71Iqeq4NS"
      },
      "source": [
        "#### (a) For the matrix $A$, find the SVD"
      ]
    },
    {
      "cell_type": "code",
      "execution_count": 188,
      "metadata": {
        "id": "ODV1hGWNq4NS",
        "outputId": "6a8517fa-2a5f-4cbc-a345-b4e007818176"
      },
      "outputs": [
        {
          "name": "stdout",
          "output_type": "stream",
          "text": [
            "n =  4\n",
            "---------------------------------------------\n",
            "m =  3\n",
            "---------------------------------------------\n",
            "rank =  3\n",
            "---------------------------------------------\n",
            "A = \n",
            " [[1 1 1]\n",
            " [3 4 5]\n",
            " [4 4 4]\n",
            " [4 5 4]]\n"
          ]
        }
      ],
      "source": [
        "A = np.array([[1, 1, 1],\n",
        "              [3, 4, 5],\n",
        "              [4, 4, 4],\n",
        "              [4, 5, 4]\n",
        "              ])\n",
        "rank = np.linalg.matrix_rank(A)\n",
        "n, m = A.shape\n",
        "print(\"n = \", n)\n",
        "print(\"---------------------------------------------\")\n",
        "print(\"m = \", m)\n",
        "print(\"---------------------------------------------\")\n",
        "print(\"rank = \", rank)\n",
        "print(\"---------------------------------------------\")\n",
        "print(\"A = \\n\", A)"
      ]
    },
    {
      "cell_type": "markdown",
      "metadata": {
        "id": "TYZxyE3iq4NT"
      },
      "source": [
        "- `U, s, VT = np.linalg.svd(A, full_matrices=True)`"
      ]
    },
    {
      "cell_type": "code",
      "execution_count": 189,
      "metadata": {},
      "outputs": [
        {
          "name": "stdout",
          "output_type": "stream",
          "text": [
            "U: \n",
            " [[-1.38201662e-01 -6.54749524e-02 -1.88246808e-01 -9.70142500e-01]\n",
            " [-5.59976765e-01  8.18823566e-01  1.26309104e-01 -1.11066478e-15]\n",
            " [-5.52806648e-01 -2.61899810e-01 -7.52987231e-01  2.42535625e-01]\n",
            " [-6.01440881e-01 -5.06605850e-01  6.17753494e-01 -1.62891611e-15]]\n",
            "s: \n",
            " [12.49789499  1.23098537  0.53599988]\n",
            "VT: \n",
            " [[-0.51489647 -0.60782554 -0.60450785]\n",
            " [-0.55486191 -0.30122956  0.77549276]\n",
            " [-0.65345993  0.73471687 -0.1821572 ]]\n"
          ]
        }
      ],
      "source": [
        "U, s, VT = np.linalg.svd(A, full_matrices=True)\n",
        "print(\"U: \\n\", U)\n",
        "print(\"s: \\n\", s)\n",
        "print(\"VT: \\n\", VT)"
      ]
    },
    {
      "cell_type": "code",
      "execution_count": 190,
      "metadata": {
        "id": "2NhB4_bdq4NU",
        "outputId": "63e4aaa3-4806-4ba6-8c00-e04e1a12f068"
      },
      "outputs": [],
      "source": [
        "#type your code here:\n"
      ]
    },
    {
      "cell_type": "markdown",
      "metadata": {
        "id": "ubPtu1Kwq4NV"
      },
      "source": [
        "- Construct the matrix $A$ from the SVD:\n",
        "$$A= U . S . V^T $$\n",
        "Where:\n",
        " $U$: size $(n,n)$, square;\n",
        " $V$: size $(m,m)$, square;\n",
        " $S$: size $(n,m)$, rectanguler if $n \\neq m$"
      ]
    },
    {
      "cell_type": "code",
      "execution_count": 191,
      "metadata": {},
      "outputs": [
        {
          "name": "stdout",
          "output_type": "stream",
          "text": [
            "U=\n",
            " [[-1.38201662e-01 -6.54749524e-02 -1.88246808e-01 -9.70142500e-01]\n",
            " [-5.59976765e-01  8.18823566e-01  1.26309104e-01 -1.11066478e-15]\n",
            " [-5.52806648e-01 -2.61899810e-01 -7.52987231e-01  2.42535625e-01]\n",
            " [-6.01440881e-01 -5.06605850e-01  6.17753494e-01 -1.62891611e-15]]\n",
            "s=\n",
            " [[12.49789499  0.          0.        ]\n",
            " [ 0.          1.23098537  0.        ]\n",
            " [ 0.          0.          0.53599988]\n",
            " [ 0.          0.          0.        ]]\n",
            "VT=\n",
            " [[-0.51489647 -0.60782554 -0.60450785]\n",
            " [-0.55486191 -0.30122956  0.77549276]\n",
            " [-0.65345993  0.73471687 -0.1821572 ]]\n",
            "A=\n",
            " [[1 1 1]\n",
            " [3 4 5]\n",
            " [4 4 4]\n",
            " [4 5 4]]\n",
            "U @ s @VT = \n",
            " [[1. 1. 1.]\n",
            " [3. 4. 5.]\n",
            " [4. 4. 4.]\n",
            " [4. 5. 4.]]\n"
          ]
        }
      ],
      "source": [
        "s = np.vstack([np.diag(s), np.zeros(len(s))])\n",
        "print(\"U=\\n\", U)\n",
        "print(\"s=\\n\", s)\n",
        "print(\"VT=\\n\", VT)\n",
        "print(\"A=\\n\", A)\n",
        "print(\"U @ s @VT = \\n\", U@s@VT)"
      ]
    },
    {
      "cell_type": "code",
      "execution_count": 192,
      "metadata": {
        "id": "l_Xkndk4q4NW",
        "outputId": "d9ee4e9c-fd0a-41b0-fee6-ed86a6dd5426"
      },
      "outputs": [],
      "source": [
        "#type your code here:\n"
      ]
    },
    {
      "cell_type": "markdown",
      "metadata": {
        "id": "aZTNsSyjq4NX"
      },
      "source": [
        "#### $k$-rank approximation\n",
        "\n",
        "- Construct the matrix $\\tilde{A}$ using **$k$-rank approximation**.\n",
        "- Calculate the approximation error using frobenius norm.\n",
        "\n",
        "$$\\tilde{A}= \\tilde{U} . \\tilde{S} . \\tilde{V}^T $$\n",
        "Where:\n",
        " $\\tilde{U}$: size $(n,k)$,\n",
        "  $\\tilde{S}$: size $(k,k)$,\n",
        " $\\tilde{V}$: size $(k,m)$;\n"
      ]
    },
    {
      "cell_type": "markdown",
      "metadata": {
        "id": "JwhEH_yH0gjm"
      },
      "source": [
        "`error = np.linalg.norm(A - A_tilde, 'fro') `"
      ]
    },
    {
      "cell_type": "code",
      "execution_count": 193,
      "metadata": {},
      "outputs": [
        {
          "name": "stdout",
          "output_type": "stream",
          "text": [
            "K = \n",
            " 3\n",
            "A = \n",
            " [[1. 1. 1.]\n",
            " [3. 4. 5.]\n",
            " [4. 4. 4.]\n",
            " [4. 5. 4.]]\n",
            "A tilde = \n",
            " [[1. 1. 1.]\n",
            " [3. 4. 5.]\n",
            " [4. 4. 4.]\n",
            " [4. 5. 4.]]\n",
            "erro = \n",
            " 0.0\n"
          ]
        }
      ],
      "source": [
        "A = U@s@VT\n",
        "k = np.linalg.matrix_rank(A)\n",
        "print(\"K = \\n\", k)\n",
        "\n",
        "print(\"A = \\n\", A)\n",
        "\n",
        "U_tilde = U[:, 0:k]\n",
        "s_tilde = s[:k, :k]\n",
        "vt_tilde = VT[:k, :]\n",
        "A_tilde = U_tilde @ s_tilde @ vt_tilde\n",
        "print(\"A tilde = \\n\", A_tilde)\n",
        "error = np.linalg.norm(A - A_tilde, 'fro')\n",
        "print(\"erro = \\n\", error)"
      ]
    },
    {
      "cell_type": "code",
      "execution_count": 194,
      "metadata": {
        "id": "KFytgAtXq4NX",
        "outputId": "be502264-e0af-4a7d-d606-10b3ad130bc0"
      },
      "outputs": [],
      "source": [
        "#type your code here:\n"
      ]
    },
    {
      "cell_type": "code",
      "execution_count": 195,
      "metadata": {},
      "outputs": [
        {
          "name": "stdout",
          "output_type": "stream",
          "text": [
            "K = \n",
            " 2\n",
            "A = \n",
            " [[1. 1. 1.]\n",
            " [3. 4. 5.]\n",
            " [4. 4. 4.]\n",
            " [4. 5. 4.]]\n",
            "A tilde = \n",
            " [[0.93406572 1.07413313 0.98162029]\n",
            " [3.04424033 3.95025845 5.01233235]\n",
            " [3.73626287 4.29653251 3.92648116]\n",
            " [4.21637091 4.75672364 4.06031513]]\n",
            "erro = \n",
            " 0.5359998808909965\n"
          ]
        }
      ],
      "source": [
        "A = U@s@VT\n",
        "k = np.linalg.matrix_rank(A) - 1\n",
        "print(\"K = \\n\", k)\n",
        "\n",
        "print(\"A = \\n\", A)\n",
        "\n",
        "U_tilde = U[:, 0:k]\n",
        "s_tilde = s[:k, :k]\n",
        "vt_tilde = VT[:k, :]\n",
        "A_tilde = U_tilde @ s_tilde @ vt_tilde\n",
        "print(\"A tilde = \\n\", A_tilde)\n",
        "error = np.linalg.norm(A - A_tilde, 'fro')\n",
        "print(\"erro = \\n\", error)"
      ]
    },
    {
      "cell_type": "code",
      "execution_count": 196,
      "metadata": {
        "id": "wUHyIMstq4NY",
        "outputId": "8abf5387-f6b0-4d96-9540-e11099f0e20a"
      },
      "outputs": [],
      "source": [
        "#type your code here:\n"
      ]
    },
    {
      "cell_type": "code",
      "execution_count": 197,
      "metadata": {},
      "outputs": [
        {
          "name": "stdout",
          "output_type": "stream",
          "text": [
            "K = \n",
            " 1\n",
            "A = \n",
            " [[1. 1. 1.]\n",
            " [3. 4. 5.]\n",
            " [4. 4. 4.]\n",
            " [4. 5. 4.]]\n",
            "A tilde = \n",
            " [[0.88934457 1.04985441 1.044124  ]\n",
            " [3.60351884 4.25388574 4.2306668 ]\n",
            " [3.55737826 4.19941766 4.17649602]\n",
            " [3.87034549 4.56886954 4.54393133]]\n",
            "erro = \n",
            " 1.3426171667971223\n"
          ]
        }
      ],
      "source": [
        "A = U@s@VT\n",
        "k = np.linalg.matrix_rank(A) - 2\n",
        "print(\"K = \\n\", k)\n",
        "\n",
        "print(\"A = \\n\", A)\n",
        "\n",
        "U_tilde = U[:, 0:k]\n",
        "s_tilde = s[:k, :k]\n",
        "vt_tilde = VT[:k, :]\n",
        "A_tilde = U_tilde @ s_tilde @ vt_tilde\n",
        "print(\"A tilde = \\n\", A_tilde)\n",
        "error = np.linalg.norm(A - A_tilde, 'fro')\n",
        "print(\"erro = \\n\", error)"
      ]
    },
    {
      "cell_type": "code",
      "execution_count": 198,
      "metadata": {
        "id": "0EdsImS6q4NZ",
        "outputId": "55db8f00-3329-4dec-c05c-0120803f82d6"
      },
      "outputs": [],
      "source": [
        "#type your code here:\n"
      ]
    },
    {
      "cell_type": "markdown",
      "metadata": {
        "id": "BL5m1Hyyq4Na"
      },
      "source": [
        "#### (b) Repeat the previous steps in (a) for the following matrix"
      ]
    },
    {
      "cell_type": "code",
      "execution_count": 199,
      "metadata": {
        "id": "NZBWACJCq4Nb",
        "outputId": "95910c04-e330-48b0-a31a-9e43a227ae6f"
      },
      "outputs": [
        {
          "name": "stdout",
          "output_type": "stream",
          "text": [
            "n=  8\n",
            "---------------------------------------------\n",
            "m =  5\n",
            "---------------------------------------------\n",
            "rank =  3\n",
            "---------------------------------------------\n",
            "A = \n",
            " [[1 1 1 0 1]\n",
            " [3 4 5 1 0]\n",
            " [4 4 4 0 1]\n",
            " [4 5 4 1 1]\n",
            " [4 6 4 0 1]\n",
            " [4 7 4 1 1]\n",
            " [4 8 4 0 1]\n",
            " [4 9 4 1 0]]\n"
          ]
        }
      ],
      "source": [
        "A = np.array([[1, 1, 1, 0, 1],\n",
        "              [3, 4, 5, 1, 0],\n",
        "              [4, 4, 4, 0, 1],\n",
        "              [4, 5, 4, 1, 1],\n",
        "              [4, 6, 4, 0, 1],\n",
        "              [4, 7, 4, 1, 1],\n",
        "              [4, 8, 4, 0, 1],\n",
        "              [4, 9, 4, 1, 0],\n",
        "              ])\n",
        "\n",
        "n, m=A.shape\n",
        "print(\"n= \", n)\n",
        "print(\"---------------------------------------------\")\n",
        "print(\"m = \", m)\n",
        "print(\"---------------------------------------------\")\n",
        "print(\"rank = \", rank)\n",
        "print(\"---------------------------------------------\")\n",
        "print(\"A = \\n\", A)"
      ]
    },
    {
      "cell_type": "code",
      "execution_count": 200,
      "metadata": {},
      "outputs": [
        {
          "name": "stdout",
          "output_type": "stream",
          "text": [
            "U: \n",
            " [[-7.79647196e-02  1.53017197e-01 -3.53029757e-01  2.28776787e-01\n",
            "  -5.76962582e-01 -3.89374906e-01 -4.47402884e-01  3.29955199e-01]\n",
            " [-3.00949266e-01  5.20610942e-01  6.79399402e-01 -2.51753516e-01\n",
            "  -3.36794308e-01 -2.55251220e-16 -2.94239974e-16  1.25597799e-16]\n",
            " [-3.00576700e-01  4.63617867e-01 -3.27397215e-01 -2.20288109e-01\n",
            "   4.89461080e-01  1.59353557e-01 -2.77306115e-02  5.22744336e-01]\n",
            " [-3.36545919e-01  2.83109965e-01 -4.23712681e-02  5.82223875e-01\n",
            "   2.17668378e-01 -4.40108902e-01  3.86180307e-01 -2.74945500e-01]\n",
            " [-3.66610234e-01  7.50478785e-02 -3.01628285e-01 -3.07975353e-01\n",
            "   6.53503597e-02  2.40580614e-02 -4.42569805e-01 -6.88054373e-01]\n",
            " [-4.02579453e-01 -1.05460024e-01 -1.66023380e-02  4.94536632e-01\n",
            "  -2.06442342e-01  7.32140081e-01 -5.06281445e-02  2.74791006e-02]\n",
            " [-4.32643767e-01 -3.13522110e-01 -2.75859355e-01 -3.95662596e-01\n",
            "  -3.58760361e-01 -8.60678922e-02  5.82151138e-01  8.28212366e-02]\n",
            " [-4.64852261e-01 -5.43513653e-01  3.70740529e-01  2.83843017e-02\n",
            "   3.01884073e-01 -2.92031179e-01 -3.35552163e-01  2.47466399e-01]]\n",
            "s: \n",
            " [22.57699942  3.35144935  1.90842851  1.00414786  0.62966044]\n",
            "VT: \n",
            " [[-0.45161209 -0.74541953 -0.4782719  -0.06665752 -0.08490591]\n",
            " [ 0.34372285 -0.65113632  0.65440094  0.04617323  0.16584191]\n",
            " [-0.36014096  0.02458908  0.35185784  0.51936256 -0.69003801]\n",
            " [ 0.19757174 -0.04402548 -0.30385545  0.84986617  0.38003491]\n",
            " [ 0.713558   -0.13352287 -0.35620687 -0.03761424 -0.58711878]]\n"
          ]
        }
      ],
      "source": [
        "U, s, VT = np.linalg.svd(A, full_matrices=True)\n",
        "print(\"U: \\n\", U)\n",
        "print(\"s: \\n\", s)\n",
        "print(\"VT: \\n\", VT)"
      ]
    },
    {
      "cell_type": "code",
      "execution_count": 201,
      "metadata": {
        "id": "6ttrSbkcq4Nc",
        "outputId": "fc69bc67-5e61-4594-9736-7dd6b3bd86d1"
      },
      "outputs": [],
      "source": [
        "#type your code here:\n"
      ]
    },
    {
      "cell_type": "code",
      "execution_count": 202,
      "metadata": {},
      "outputs": [
        {
          "name": "stdout",
          "output_type": "stream",
          "text": [
            "U=\n",
            " [[-7.79647196e-02  1.53017197e-01 -3.53029757e-01  2.28776787e-01\n",
            "  -5.76962582e-01 -3.89374906e-01 -4.47402884e-01  3.29955199e-01]\n",
            " [-3.00949266e-01  5.20610942e-01  6.79399402e-01 -2.51753516e-01\n",
            "  -3.36794308e-01 -2.55251220e-16 -2.94239974e-16  1.25597799e-16]\n",
            " [-3.00576700e-01  4.63617867e-01 -3.27397215e-01 -2.20288109e-01\n",
            "   4.89461080e-01  1.59353557e-01 -2.77306115e-02  5.22744336e-01]\n",
            " [-3.36545919e-01  2.83109965e-01 -4.23712681e-02  5.82223875e-01\n",
            "   2.17668378e-01 -4.40108902e-01  3.86180307e-01 -2.74945500e-01]\n",
            " [-3.66610234e-01  7.50478785e-02 -3.01628285e-01 -3.07975353e-01\n",
            "   6.53503597e-02  2.40580614e-02 -4.42569805e-01 -6.88054373e-01]\n",
            " [-4.02579453e-01 -1.05460024e-01 -1.66023380e-02  4.94536632e-01\n",
            "  -2.06442342e-01  7.32140081e-01 -5.06281445e-02  2.74791006e-02]\n",
            " [-4.32643767e-01 -3.13522110e-01 -2.75859355e-01 -3.95662596e-01\n",
            "  -3.58760361e-01 -8.60678922e-02  5.82151138e-01  8.28212366e-02]\n",
            " [-4.64852261e-01 -5.43513653e-01  3.70740529e-01  2.83843017e-02\n",
            "   3.01884073e-01 -2.92031179e-01 -3.35552163e-01  2.47466399e-01]]\n",
            "s=\n",
            " [[22.57699942  0.          0.          0.          0.        ]\n",
            " [ 0.          3.35144935  0.          0.          0.        ]\n",
            " [ 0.          0.          1.90842851  0.          0.        ]\n",
            " [ 0.          0.          0.          1.00414786  0.        ]\n",
            " [ 0.          0.          0.          0.          0.62966044]\n",
            " [ 0.          0.          0.          0.          0.        ]\n",
            " [ 0.          0.          0.          0.          0.        ]\n",
            " [ 0.          0.          0.          0.          0.        ]]\n",
            "VT=\n",
            " [[-0.45161209 -0.74541953 -0.4782719  -0.06665752 -0.08490591]\n",
            " [ 0.34372285 -0.65113632  0.65440094  0.04617323  0.16584191]\n",
            " [-0.36014096  0.02458908  0.35185784  0.51936256 -0.69003801]\n",
            " [ 0.19757174 -0.04402548 -0.30385545  0.84986617  0.38003491]\n",
            " [ 0.713558   -0.13352287 -0.35620687 -0.03761424 -0.58711878]]\n"
          ]
        }
      ],
      "source": [
        "s_diag = np.diag(s)\n",
        "s = np.vstack([s_diag, np.zeros((U.shape[1] - s_diag.shape[0], len(s)))])\n",
        "print(\"U=\\n\", U)\n",
        "print(\"s=\\n\", s)\n",
        "print(\"VT=\\n\", VT)"
      ]
    },
    {
      "cell_type": "code",
      "execution_count": 203,
      "metadata": {},
      "outputs": [
        {
          "name": "stdout",
          "output_type": "stream",
          "text": [
            "U @ s @VT = \n",
            " [[ 1.00000000e+00  1.00000000e+00  1.00000000e+00 -3.72548488e-17\n",
            "   1.00000000e+00]\n",
            " [ 3.00000000e+00  4.00000000e+00  5.00000000e+00  1.00000000e+00\n",
            "   7.82178501e-16]\n",
            " [ 4.00000000e+00  4.00000000e+00  4.00000000e+00 -1.63697743e-16\n",
            "   1.00000000e+00]\n",
            " [ 4.00000000e+00  5.00000000e+00  4.00000000e+00  1.00000000e+00\n",
            "   1.00000000e+00]\n",
            " [ 4.00000000e+00  6.00000000e+00  4.00000000e+00 -2.17818624e-16\n",
            "   1.00000000e+00]\n",
            " [ 4.00000000e+00  7.00000000e+00  4.00000000e+00  1.00000000e+00\n",
            "   1.00000000e+00]\n",
            " [ 4.00000000e+00  8.00000000e+00  4.00000000e+00 -2.09901541e-16\n",
            "   1.00000000e+00]\n",
            " [ 4.00000000e+00  9.00000000e+00  4.00000000e+00  1.00000000e+00\n",
            "   2.22044605e-16]]\n"
          ]
        }
      ],
      "source": [
        "print(\"U @ s @VT = \\n\", U@s@VT)"
      ]
    },
    {
      "cell_type": "code",
      "execution_count": 204,
      "metadata": {
        "id": "Ac89hMivq4Nd",
        "outputId": "b350245e-08fd-482e-b2b3-b299c89deb58"
      },
      "outputs": [],
      "source": [
        "#type your code here:\n"
      ]
    },
    {
      "cell_type": "code",
      "execution_count": 205,
      "metadata": {},
      "outputs": [
        {
          "name": "stdout",
          "output_type": "stream",
          "text": [
            "K = \n",
            " 5\n",
            "A = \n",
            " [[ 1.00000000e+00  1.00000000e+00  1.00000000e+00 -3.72548488e-17\n",
            "   1.00000000e+00]\n",
            " [ 3.00000000e+00  4.00000000e+00  5.00000000e+00  1.00000000e+00\n",
            "   7.82178501e-16]\n",
            " [ 4.00000000e+00  4.00000000e+00  4.00000000e+00 -1.63697743e-16\n",
            "   1.00000000e+00]\n",
            " [ 4.00000000e+00  5.00000000e+00  4.00000000e+00  1.00000000e+00\n",
            "   1.00000000e+00]\n",
            " [ 4.00000000e+00  6.00000000e+00  4.00000000e+00 -2.17818624e-16\n",
            "   1.00000000e+00]\n",
            " [ 4.00000000e+00  7.00000000e+00  4.00000000e+00  1.00000000e+00\n",
            "   1.00000000e+00]\n",
            " [ 4.00000000e+00  8.00000000e+00  4.00000000e+00 -2.09901541e-16\n",
            "   1.00000000e+00]\n",
            " [ 4.00000000e+00  9.00000000e+00  4.00000000e+00  1.00000000e+00\n",
            "   2.22044605e-16]]\n",
            "A tilde = \n",
            " [[ 1.00000000e+00  1.00000000e+00  1.00000000e+00 -3.72548488e-17\n",
            "   1.00000000e+00]\n",
            " [ 3.00000000e+00  4.00000000e+00  5.00000000e+00  1.00000000e+00\n",
            "   7.82178501e-16]\n",
            " [ 4.00000000e+00  4.00000000e+00  4.00000000e+00 -1.63697743e-16\n",
            "   1.00000000e+00]\n",
            " [ 4.00000000e+00  5.00000000e+00  4.00000000e+00  1.00000000e+00\n",
            "   1.00000000e+00]\n",
            " [ 4.00000000e+00  6.00000000e+00  4.00000000e+00 -2.17818624e-16\n",
            "   1.00000000e+00]\n",
            " [ 4.00000000e+00  7.00000000e+00  4.00000000e+00  1.00000000e+00\n",
            "   1.00000000e+00]\n",
            " [ 4.00000000e+00  8.00000000e+00  4.00000000e+00 -2.09901541e-16\n",
            "   1.00000000e+00]\n",
            " [ 4.00000000e+00  9.00000000e+00  4.00000000e+00  1.00000000e+00\n",
            "   2.22044605e-16]]\n",
            "erro = \n",
            " 0.0\n"
          ]
        }
      ],
      "source": [
        "A = U@s@VT\n",
        "k = np.linalg.matrix_rank(A)\n",
        "print(\"K = \\n\", k)\n",
        "\n",
        "print(\"A = \\n\", A)\n",
        "\n",
        "U_tilde = U[:, 0:k]\n",
        "s_tilde = s[:k, :k]\n",
        "vt_tilde = VT[:k, :]\n",
        "A_tilde = U_tilde @ s_tilde @ vt_tilde\n",
        "print(\"A tilde = \\n\", A_tilde)\n",
        "error = np.linalg.norm(A - A_tilde, 'fro')\n",
        "print(\"erro = \\n\", error)"
      ]
    },
    {
      "cell_type": "code",
      "execution_count": 206,
      "metadata": {
        "id": "YVz4Eu0bq4Nf",
        "outputId": "24a83840-5407-4d38-8ba6-28f2d46ece3f"
      },
      "outputs": [],
      "source": [
        "#type your code here:\n"
      ]
    },
    {
      "cell_type": "code",
      "execution_count": 207,
      "metadata": {},
      "outputs": [
        {
          "name": "stdout",
          "output_type": "stream",
          "text": [
            "K = \n",
            " 4\n",
            "A = \n",
            " [[ 1.00000000e+00  1.00000000e+00  1.00000000e+00 -3.72548488e-17\n",
            "   1.00000000e+00]\n",
            " [ 3.00000000e+00  4.00000000e+00  5.00000000e+00  1.00000000e+00\n",
            "   7.82178501e-16]\n",
            " [ 4.00000000e+00  4.00000000e+00  4.00000000e+00 -1.63697743e-16\n",
            "   1.00000000e+00]\n",
            " [ 4.00000000e+00  5.00000000e+00  4.00000000e+00  1.00000000e+00\n",
            "   1.00000000e+00]\n",
            " [ 4.00000000e+00  6.00000000e+00  4.00000000e+00 -2.17818624e-16\n",
            "   1.00000000e+00]\n",
            " [ 4.00000000e+00  7.00000000e+00  4.00000000e+00  1.00000000e+00\n",
            "   1.00000000e+00]\n",
            " [ 4.00000000e+00  8.00000000e+00  4.00000000e+00 -2.09901541e-16\n",
            "   1.00000000e+00]\n",
            " [ 4.00000000e+00  9.00000000e+00  4.00000000e+00  1.00000000e+00\n",
            "   2.22044605e-16]]\n",
            "A tilde = \n",
            " [[ 1.25922885e+00  9.51492408e-01  8.70593425e-01 -1.36648969e-02\n",
            "   7.86705318e-01]\n",
            " [ 3.15132143e+00  3.97168433e+00  4.92446062e+00  9.92023296e-01\n",
            "  -1.24507961e-01]\n",
            " [ 3.78008551e+00  4.04115099e+00  4.10978092e+00  1.15924939e-02\n",
            "   1.18094665e+00]\n",
            " [ 3.90220176e+00  5.01830027e+00  4.04882070e+00  1.00515530e+00\n",
            "   1.08046884e+00]\n",
            " [ 3.97063813e+00  6.00549427e+00  4.01465739e+00  1.54777096e-03\n",
            "   1.02415908e+00]\n",
            " [ 4.09275439e+00  6.98264355e+00  3.95369718e+00  9.95110578e-01\n",
            "   9.23681266e-01]\n",
            " [ 4.16119076e+00  7.96983756e+00  3.91953386e+00 -8.49695197e-03\n",
            "   8.67371508e-01]\n",
            " [ 3.86436371e+00  9.02538062e+00  4.06770939e+00  1.00714988e+00\n",
            "   1.11602155e-01]]\n",
            "erro = \n",
            " 0.6296604396728646\n"
          ]
        }
      ],
      "source": [
        "A = U@s@VT\n",
        "k = np.linalg.matrix_rank(A) - 1\n",
        "print(\"K = \\n\", k)\n",
        "\n",
        "print(\"A = \\n\", A)\n",
        "\n",
        "U_tilde = U[:, 0:k]\n",
        "s_tilde = s[:k, :k]\n",
        "vt_tilde = VT[:k, :]\n",
        "A_tilde = U_tilde @ s_tilde @ vt_tilde\n",
        "print(\"A tilde = \\n\", A_tilde)\n",
        "error = np.linalg.norm(A - A_tilde, 'fro')\n",
        "print(\"erro = \\n\", error)"
      ]
    },
    {
      "cell_type": "code",
      "execution_count": 208,
      "metadata": {
        "id": "lFRrgY2uq4Nl",
        "outputId": "5b42521b-4a6c-47f2-b977-70a0de6a637d"
      },
      "outputs": [],
      "source": [
        "#type your code here:\n"
      ]
    },
    {
      "cell_type": "code",
      "execution_count": 209,
      "metadata": {},
      "outputs": [
        {
          "name": "stdout",
          "output_type": "stream",
          "text": [
            "K = \n",
            " 3\n",
            "A = \n",
            " [[ 1.00000000e+00  1.00000000e+00  1.00000000e+00 -3.72548488e-17\n",
            "   1.00000000e+00]\n",
            " [ 3.00000000e+00  4.00000000e+00  5.00000000e+00  1.00000000e+00\n",
            "   7.82178501e-16]\n",
            " [ 4.00000000e+00  4.00000000e+00  4.00000000e+00 -1.63697743e-16\n",
            "   1.00000000e+00]\n",
            " [ 4.00000000e+00  5.00000000e+00  4.00000000e+00  1.00000000e+00\n",
